data =[-40, 0.000079;
-30,	0.00023;	
-25,	0.00039;	
-20,	0.00064;	
-15,	0.0010;	
-10,	0.0016;	
-5,	0.0025;	
0,	0.0038;	
5,	0.0054;	
10,	0.0077;	
15,	0.011;	
20,	0.015;	
25,	0.020;	
30,	0.027;	
35,	0.037;	
40,	0.049;	
45,	0.065;	
50,	0.087;	
55,	0.12;	
60,	0.15;	
65,	0.21;	
70,	0.28;	
75,	0.38;	
80,	0.55;	
85,	0.84];